   2.3395879e+00
   1.0124837e+00
   7.0430560e+00
   6.4857234e+00
   8.9298171e+00
   4.9718256e+00
   5.5854775e+00
   9.9148013e+00
   1.1716134e+00
   2.0050067e+00
   3.9180950e+00
   6.4513218e+00
   1.0717500e+00
   5.6681902e+00
  -1.0474879e+00
   4.2617915e+00
   8.8234015e+00
   6.0512202e+00
   8.6756766e+00
   7.0228444e+00
   5.2026918e+00
   1.2930298e+00
   6.7565037e+00
   3.9805367e+00
   7.0375789e+00
   9.7452747e+00
   8.5450670e+00
   1.0694222e+00
   1.1382392e+00
   6.7513192e+00
   3.8475817e+00
   5.7156042e+00
   8.7952163e+00
   1.0904674e+01
   2.8499120e+00
   1.8791844e+00
   1.1517049e+01
   8.1799595e+00
   5.6035034e+00
   7.0280307e+00
   1.1205413e+00
   5.4109207e+00
   7.5725980e+00
   3.0736458e+00
   3.1688786e+00
   8.3321492e+00
   4.7095239e+00
   6.4208423e-01
   3.5554170e+00
   2.6778491e+00
   1.1510594e+00
   6.7614344e+00
   8.7233329e+00
   8.9175504e+00
   1.5844317e+00
   1.0336085e+01
   4.5146539e+00
   4.4699481e+00
   2.3305232e+00
   1.0395459e+01
   4.7119149e+00
   3.0382154e+00
   2.1288851e+00
   1.0575930e+01
  -1.1552358e-01
   4.1028666e+00
   4.5400919e+00
   3.2534157e+00
   9.9498704e+00
   5.6253566e+00
   3.0575416e+00
   8.4890165e+00
  -1.1343392e-01
   7.2804711e+00
   7.7823901e+00
   8.2306179e+00
   6.3891813e-01
   3.9903898e-01
   7.0095698e+00
   8.4588667e+00
   5.9043947e+00
   5.9801998e+00
   8.3304116e+00
   1.1264044e+01
   9.3729905e+00
   1.3755752e+00
   3.5150258e+00
   2.2563748e+00
   5.3891717e+00
   6.3323648e+00
   9.5021754e+00
   5.3299281e+00
   9.1960609e+00
   1.5132730e+00
   5.1553962e+00
   4.3481350e+00
   3.6223281e+00
   5.7598472e+00
   1.5155327e+00
   1.0486597e+00
   6.1359684e+00
   7.2813119e+00
   9.0344916e-01
   5.2008180e+00
   4.8279573e+00
   8.9418785e+00
   7.5833286e+00
   4.4329330e+00
   9.8645470e+00
   5.6706074e+00
   7.9142583e+00
   6.1453816e-01
   1.6902931e+00
   8.7878282e+00
   1.8346392e+00
  -1.2124748e+00
   1.8955037e+00
  -3.9409920e-01
   3.1133362e+00
  -8.0273073e-02
   6.4249329e+00
   1.0368823e+01
   1.8218150e+00
   5.3044548e-01
   3.4567827e+00
   7.5196147e+00
   6.6134476e+00
   2.8935482e+00
   6.9667334e+00
   4.6595285e+00
   4.0799330e+00
   4.5759237e+00
   2.6942214e+00
   4.1203731e+00
   1.1401304e+01
   6.0871921e+00
   1.0221262e+01
   5.1314854e+00
   3.3493188e-01
   7.9597447e+00
   5.4957419e+00
  -5.8224045e-02
   4.8396110e+00
   2.3243718e+00
   3.7574453e+00
   4.8202300e+00
   9.6409149e+00
   5.4920960e-01
   2.4544730e+00
   2.1152551e+00
   5.6090604e+00
   2.0803987e+00
   6.6495492e+00
   6.6201283e+00
   9.3194528e+00
   2.9287610e+00
   4.6446769e+00
   4.1930227e+00
   2.6756078e+00
  -1.4922164e+00
   8.8153916e+00
   3.0285798e+00
   1.9963972e+00
   1.0408412e+01
   5.2345206e+00
   4.0551126e-01
   8.3411039e+00
   2.1032521e+00
   1.8225172e+00
   3.4630517e-01
   3.4742936e+00
   2.6994993e+00
   2.1476458e+00
   7.3670194e+00
   3.7386235e+00
   3.5626131e+00
   4.7071512e+00
   8.0334315e+00
   9.9910703e+00
   9.0740053e+00
   3.3296534e+00
   5.4973847e+00
   8.6791041e+00
   6.5397169e-01
   7.7095364e+00
   5.8859194e+00
   6.6715091e+00
   8.3221470e+00
   7.3609481e+00
   8.4115038e+00
   4.0484445e+00
   1.0876637e+01
   7.4759508e+00
   4.0144997e+00
   5.8664983e+00
   6.8081791e+00
   5.7985480e+00
   8.7874145e+00
   9.1034964e+00
   6.9903535e+00
   4.5554742e+00
   5.1181691e+00
   4.3370891e+00
   9.5693977e-01
   2.5446441e+00
   6.9338716e+00
   8.1062269e+00
   4.7859088e+00
   7.1098921e+00
   7.0941925e+00
   6.1959623e+00
   8.1374901e+00
   7.9587647e+00
   7.7654973e+00
   9.5135669e-01
   7.9443488e+00
   6.7402829e+00
   6.7818630e+00
   1.7817921e+00
   5.6997446e+00
   5.3173785e+00
   7.0341388e+00
   6.3067406e+00
   1.9088466e+00
   8.4976567e+00
   8.8727900e+00
   9.0002331e+00
   6.1608588e+00
   1.4833936e+00
   4.5010744e+00
   1.0155468e+01
   1.7148957e+00
   2.6439706e+00
   3.6860436e+00
   4.7946747e+00
   8.9595965e+00
   5.2079409e+00
   4.0581861e+00
   6.8746986e+00
   1.5695439e+00
   1.1422432e+00
   1.1141804e+01
   1.5789464e+00
   6.9690015e+00
   7.7414931e+00
  -5.2817679e-01
   6.9697226e-01
   9.4561069e+00
   6.0001720e+00
   2.0656121e+00
   3.8663284e+00
   7.0024797e+00
   5.8289243e+00
   1.2866967e+00
   5.9914494e+00
   5.3700165e+00
   8.3777445e+00
   2.6056765e+00
   1.6415274e-01
   9.6903326e+00
   5.9505844e+00
   1.1233535e+00
   2.9406036e+00
  -4.7694713e-01
   6.0335266e+00
   8.7361003e+00
   9.2325682e+00
   3.8781304e+00
   1.2515167e+00
   7.7022888e+00
   2.5647815e+00
   9.9190371e+00
   6.6771443e+00
   4.2233319e+00
   1.6793099e+00
   1.1953788e+00
  -8.7241064e-02
   1.6412970e+00
   8.8571052e+00
   2.8376648e+00
   1.0877379e+01
   9.7966293e-01
   3.9242894e+00
   4.2813357e+00
   3.0495703e+00
   7.7002895e+00
   5.3738619e-01
   8.4812811e+00
   3.4156970e+00
   2.5848166e+00
  -1.0521925e+00
   3.8689724e+00
   5.7646132e+00
   6.1742773e+00
   7.3527844e+00
   7.3479524e+00
   6.7451160e+00
   7.0792147e+00
   7.1737870e+00
   1.0361667e+00
   6.5923119e+00
   2.7485922e+00
   3.8084093e+00
   5.2278852e+00
   8.2246004e-01
   7.3991658e+00
   6.5905399e+00
   3.8839421e+00
   5.8189729e+00
   2.8263232e+00
   7.2933753e+00
   2.0777885e+00
   2.4311456e+00
   4.1441592e+00
   7.9322647e+00
   7.1437821e+00
   6.6052096e+00
   7.3321312e+00
   2.3368188e+00
   3.3094216e+00
   5.1548450e+00
   3.1227485e+00
   5.2072457e+00
   4.6557532e+00
   5.0199491e+00
   1.3223334e+00
   5.0016306e+00
   4.4614173e+00
   3.7490457e+00
   4.6515231e+00
   3.1097795e+00
   3.8316740e+00
   1.4224461e+00
   3.0356918e+00
   2.3686202e+00
   7.8186219e+00
   6.3690122e+00
   4.9170233e+00
   7.0270784e+00
   5.9456217e+00
   9.1186163e+00
   6.3462279e+00
   7.8144805e+00
   4.2295788e+00
   5.8121080e+00
   3.6164288e+00
   7.4669450e+00
   3.2391537e+00
   6.9005442e+00
   9.2220266e+00
   2.2020625e+00
   7.3241704e+00
   4.0640014e+00
   4.0081114e+00
   4.0576582e+00
   9.6542660e+00
   4.3753833e-02
   3.8238181e-01
   5.6518803e+00
   5.4022848e+00
   8.0193168e+00
   4.1328127e+00
   9.9560669e+00
   2.3210793e+00
   8.3312059e+00
   5.4898537e+00
   5.0325440e+00
   7.5842050e+00
   5.2598144e-01
   2.6249057e+00
   5.7647686e+00
   7.5215038e+00
   3.9658232e+00
   5.2030072e+00
   8.7172548e+00
   1.0915665e+01
   6.9460964e+00
   1.9627726e+00
   6.3574193e+00
   9.4522731e-01
   1.6812820e-01
   6.1903394e+00
   1.8590307e+00
  -1.2459613e-01
   8.4783723e+00
   7.5696157e+00
   8.7697655e+00
   3.0055814e+00
   4.2339174e-01
   7.1624118e+00
   3.9722596e+00
   1.2622704e+00
   6.0374762e+00
   3.6028291e+00
   1.2222999e+00
   3.5922172e+00
   8.0556426e+00
   6.6252740e+00
   7.4186763e+00
   5.9517200e+00
