   4.4136644e+00
   2.1099873e+00
   8.0470208e+00
   8.3279810e+00
   9.9027835e+00
   6.6347088e+00
   6.3934659e+00
   1.1331086e+01
   1.6191241e+00
   2.4207243e+00
   4.9938494e+00
   7.1915388e+00
   2.3250425e+00
   4.2987017e+00
   2.2638200e+00
   4.9275513e+00
   7.9175795e+00
   5.6994516e+00
   9.2851329e+00
   1.0674704e+01
   6.3666779e+00
   1.1455349e+00
   6.9505753e+00
   6.1340483e+00
   8.1450023e+00
   1.0862473e+01
   9.2244547e+00
   4.4516112e+00
   1.8879466e+00
   7.2181802e+00
   4.7460065e+00
   8.6223599e+00
   9.4969773e+00
   8.8004997e+00
   4.4782457e+00
   3.2141494e+00
   1.1408779e+01
   7.9105501e+00
   8.7349231e+00
   9.2976067e+00
   2.5941327e+00
   7.7549894e+00
   9.1624531e+00
   3.7302320e+00
   5.6298365e+00
   8.3148077e+00
   5.5695995e+00
   3.8571709e+00
   5.3811068e+00
   2.2453524e+00
   1.6118336e+00
   7.1191814e+00
   1.0800597e+01
   1.0066213e+01
   2.0361870e+00
   9.3129730e+00
   5.1599840e+00
   6.6200064e+00
   5.7925761e+00
   1.1882247e+01
   5.5654402e+00
   4.6186035e+00
   1.6837333e+00
   1.0007290e+01
   1.3123627e+00
   5.5293507e+00
   4.7359958e+00
   4.4077779e+00
   9.3209822e+00
   6.7920947e+00
   6.9028585e+00
   1.0813858e+01
   2.2175066e+00
   8.7683399e+00
   1.0928497e+01
   1.0425843e+01
   4.7338770e-01
   1.1979346e+00
   6.2625739e+00
   1.0945091e+01
   7.8600112e+00
   9.2004314e+00
   9.3241941e+00
   1.3016834e+01
   9.8055858e+00
   3.2574976e+00
   4.7616948e+00
   5.5828207e+00
   5.1559732e+00
   6.5207150e+00
   9.7281155e+00
   2.7492270e+00
   1.0800969e+01
   2.7396089e+00
   6.4195897e+00
   5.7316552e+00
   6.4403200e+00
   4.7700808e+00
   2.6553990e+00
   3.1411780e+00
   6.7434520e+00
   9.7948784e+00
   2.4211774e-01
   5.7574985e+00
   7.5241227e+00
   1.0191341e+01
   8.9221143e+00
   5.1087291e+00
   9.7463891e+00
   6.6465100e+00
   9.3850663e+00
   3.6173020e+00
   4.1627731e+00
   9.5100925e+00
   2.4987988e+00
   2.4339916e+00
   2.7646452e+00
   5.8006270e-01
   6.5251701e+00
   2.1747131e+00
   8.7285523e+00
   9.3848609e+00
   3.7885509e+00
   3.2478714e+00
   3.8559927e+00
   1.0401709e+01
   1.0262553e+01
   2.0861254e+00
   6.3865986e+00
   2.2927932e+00
   4.2222426e+00
   5.4576195e+00
   1.3434767e+00
   9.0633366e+00
   1.0652543e+01
   7.7307074e+00
   1.1232195e+01
   3.8388696e+00
   4.2073906e+00
   1.1126468e+01
   4.2960034e+00
   4.0323156e-01
   6.8905957e+00
   5.6764373e+00
   6.3821629e+00
   6.6116991e+00
   1.0685909e+01
   3.3250508e+00
   1.5238838e+00
   5.2436331e+00
   7.9887567e+00
   2.1168798e+00
   7.8871588e+00
   8.9746083e+00
   9.2797513e+00
   4.4344985e+00
   4.5938021e+00
   6.1808296e+00
   4.9048526e+00
   7.0711098e-01
   9.2495130e+00
   4.4196301e+00
   3.1497156e+00
   9.9720710e+00
   5.1169431e+00
   9.4035717e-01
   1.1126421e+01
   1.1867488e+00
   3.5399064e+00
   2.4909498e+00
   4.5861084e+00
   3.8998066e+00
   2.0651059e+00
   8.6745718e+00
   6.8239011e+00
   4.6310432e+00
   4.5470731e+00
   1.0874585e+01
   9.5198726e+00
   8.1151287e+00
   2.3661865e+00
   7.6677839e+00
   1.0732438e+01
   4.6185758e+00
   9.5002350e+00
   6.1761611e+00
   5.9748061e+00
   7.1826932e+00
   8.2039952e+00
   8.6308668e+00
   7.2347802e+00
   9.9337225e+00
   6.1972445e+00
   7.0860542e+00
   1.0635682e+01
   8.8622637e+00
   6.7500235e+00
   1.2692450e+01
   1.0204306e+01
   8.5319716e+00
   3.2686086e+00
   6.8757918e+00
   6.9358797e+00
   2.2779376e+00
   4.9881763e+00
   8.7253201e+00
   9.3593458e+00
   5.6287521e+00
   7.7754710e+00
   1.0347966e+01
   6.4185131e+00
   9.8836975e+00
   7.1536097e+00
   8.5144516e+00
   1.3627745e-01
   8.8609736e+00
   4.5023846e+00
   4.7847399e+00
   1.8816569e+00
   8.8202892e+00
   7.5686228e+00
   8.5019967e+00
   5.8562855e+00
   2.0205827e+00
   1.0272248e+01
   7.3659089e+00
   9.8275103e+00
   5.9927315e+00
   2.7618548e+00
   6.1839189e+00
   1.2060636e+01
   3.0126146e+00
   5.3469256e+00
   5.6924785e+00
   8.1216847e+00
   9.6701290e+00
   5.6710643e+00
   4.8369031e+00
   9.3230511e+00
   5.5156317e+00
   2.5777757e+00
   1.1391174e+01
   2.6125315e+00
   6.8504404e+00
   6.7901430e+00
   2.8860682e+00
   5.1778753e-03
   8.4448793e+00
   6.9653332e+00
   4.1825045e+00
   5.6867496e+00
   7.4821009e+00
   8.3339426e+00
   2.3847490e+00
   1.0858226e+01
   8.2493720e+00
   1.0289042e+01
   4.1514998e+00
   2.2772589e+00
   1.0179659e+01
   7.7167809e+00
   2.8857910e+00
   2.2701219e+00
   1.4477187e+00
   6.1513952e+00
   1.1641180e+01
   9.6965822e+00
   4.8111234e+00
   2.4651126e+00
   8.4151713e+00
   4.8860320e+00
   8.2310949e+00
   6.2542712e+00
   6.0353939e+00
   7.1046485e+00
   3.5280530e+00
   1.4146682e+00
   3.2540740e+00
   1.2057496e+01
   5.5940302e+00
   1.0943268e+01
   2.2061314e+00
   5.1061960e+00
   7.4187142e+00
   1.9620767e+00
   1.0664986e+01
   2.7818069e+00
   1.2703177e+01
   3.4475782e+00
   5.0503649e+00
   1.4503769e-01
   5.0758721e+00
   6.0001330e+00
   7.0969244e+00
   9.2122165e+00
   6.6956648e+00
   9.1992439e+00
   8.4214138e+00
   8.8256442e+00
   1.1751513e+00
   7.5621534e+00
   3.5787181e+00
   4.9779591e+00
   8.8192386e+00
   1.2137152e+00
   1.0598310e+01
   6.0211824e+00
   5.7772441e+00
   6.0425562e+00
   5.5808164e+00
   8.0602535e+00
   5.1731009e+00
   2.4620329e+00
   5.8428849e+00
   1.0245786e+01
   8.1731792e+00
   6.4409280e+00
   7.0084418e+00
   5.2944177e+00
   2.6925509e+00
   5.2016884e+00
   4.2608882e+00
   6.6434672e+00
   7.7095252e+00
   6.7892291e+00
   4.3164678e+00
   5.2935375e+00
   5.8370245e+00
   4.8220442e+00
   6.2518737e+00
   4.5851128e+00
   4.7326192e+00
   1.6261451e+00
   6.6716309e+00
   3.7801821e+00
   9.1709667e+00
   7.9096088e+00
   4.7767977e+00
   8.8481813e+00
   8.2036257e+00
   9.3128898e+00
   5.9606895e+00
   1.0926665e+01
   3.9360619e+00
   7.1056193e+00
   5.5135497e+00
   6.8553803e+00
   5.1243905e+00
   7.6160059e+00
   1.0622689e+01
   2.2762595e+00
   6.7997701e+00
   6.5451400e+00
   8.5073946e+00
   4.8477058e+00
   1.1455600e+01
   2.5770198e-01
   3.5119764e+00
   8.1586463e+00
   6.2845760e+00
   1.1765110e+01
   4.9604173e+00
   9.3668120e+00
   2.4662191e+00
   8.9077078e+00
   8.5486119e+00
   5.2471958e+00
   1.0097883e+01
   1.4546565e+00
   1.6338995e+00
   8.4002364e+00
   7.5212873e+00
   4.8553019e+00
   8.3762955e+00
   7.0723715e+00
   9.1680584e+00
   8.6363418e+00
   2.3156103e+00
   8.6015613e+00
   3.0029513e+00
   7.7622929e-01
   5.5205019e+00
   1.6334796e+00
   3.8833991e+00
   9.6380485e+00
   9.6468682e+00
   8.0439143e+00
   6.0543198e+00
   3.4071866e-01
   8.1979601e+00
   6.5115201e+00
   3.2814860e+00
   6.9084203e+00
   5.8693823e+00
   4.5083755e+00
   5.3961647e+00
   7.0516593e+00
   7.6559139e+00
   7.3203817e+00
   4.4748002e+00
